# x
0.000000000000000000e+00
1.000000000000000000e+00
0.000000000000000000e+00
1.428571492433547974e-01
2.857142984867095947e-01
4.285714328289031982e-01
5.714285969734191895e-01
7.142857313156127930e-01
8.571428656578063965e-01
1.000000000000000000e+00
0.000000000000000000e+00
1.000000000000000000e+00
1.111111119389533997e-01
2.222222238779067993e-01
3.333333432674407959e-01
4.444444477558135986e-01
5.555555820465087891e-01
6.666666865348815918e-01
7.777777910232543945e-01
8.888888955116271973e-01
